0
99
106
107
110
180
189
409
410
411
428
524
528
529
535
673
675
676
724
725
729
797
798
799
844
845
848
878
880
881
882
883
885
886
889
890
894
895
910
911
912
913
916
917
924
974
975
977
978
986
987
988
990
991
992
993
994
995
996
1197
1198
1200
1202
1203
1204
1205
1206
1207
1209
1210
1211
1212
1214
1215
1219
1221
1223
1224
1225
1226
1230
1231
1232
1233
1235
1236
1238
1239
1240
1242
1244
1287
1288
1290
1291
1294
1295
1298
1299
1303
1304
1308
1309
1310
1311
1312
1313
1314
1315
1322
1323
1343
1344
1422
1423
