0
55
56
57
60
61
64
65
68
72
73
74
77
78
81
82
84
133
136
137
140
141
144
145
149
150
157
158
165
166
170
171
174
175
178
222
224
225
228
229
233
234
237
238
245
246
258
259
262
263
266
267
270
272
273
277
279
308
309
311
313
315
317
318
321
322
327
328
335
336
339
340
344
345
356
357
365
366
369
370
371
418
419
420
424
425
428
429
445
446
457
458
466
467
470
471
474
475
476
498
499
515
516
517
554
555
558
559
571
573
575
576
578
589
590
595
596
598
599
618
620
621
623
624
627
628
644
645
678
679
681
683
684
689
690
725
726
730
732
733
753
754
757
758
783
784
787
788
790
794
795
801
802
813
814
830
833
834
863
864
888
889
892
893
896
902
903
926
927
928
