50
89
129
183
217
272
310
372
417
474
513
574
620
679
726
787
828
893
929
991
1122
1185
1237
1263
1347
1420
1473
1551
1614
1715
1771
1929
1968
2059
2097
2146
2179
2243
2274
2324
2365
2415
2455
2505
2535
2590
2620
2666
2713
2763
2806
2864
2894
2948
2978
3335
3379
3427
3480
3527
3561
3620
3656
3710
3745
3810
3838
3894
3924
3980
4011
4071
4116
4169
4220
4277
4330
4385
4432
4485
4520
4580
4620
4680
4769
4869
4934
5010
5107
5209
5217
5335
5380
5427
5462
5523
5565
5619
5664
5869
5900
6086
6100
6125
6160
6175
6210
6260
6283