134
135
138
140
146
147
156
157
158
161
162
164
169
170
171
174
227
228
230
233
234
237
246
249
250
252
259
262
263
265
320
321
322
327
328
331
345
348
349
351
357
360
361
363
426
428
429
432
433
436
437
439
448
449
450
453
454
455
460
461
462
465
468
469
521
525
526
529
530
533
534
536
543
545
547
550
551
552
560
562
563
565
629
631
632
635
636
639
647
648
649
652
653
657
658
659
662
665
666
669
670
673
674
675
735
736
737
741
742
745
746
748
759
762
763
766
771
774
775
779
836
837
838
842
843
846
847
850
864
867
868
870
877
879
880
884
885
886
935
936
937
940
941
944
945
948
949
950
952
953
954
955
962
965
966
969
977
978
979
982
983
985
2129
2132
2207
2208
2209
2212
2219
2221
2222
2225
2293
2294
2295
2297
2298
2301
2306
2309
2310
2313
2314
2315
2370
2372
2373
2374
2381
2382
2383
2387
2388
2391
2396
2399
2400
2403
2455
2458
2459
2461
2464
2465
2466
2467
2468
2471
2472
2475
2476
2479
2480
2481
2484
2488
2489
2492
2535
2538
2539
2542
2543
2546
2547
2548
2554
2555
2558
2559
2560
2563
2564
2567
2568
2569
2573
2576
2577
2580
2581
2583
2623
2626
2627
2631
2632
2634
2638
2639
2640
2641
2642
2643
2644
2647
2648
2652
2655
2656
2657
2660
2661
2666
2714
2716
2717
2721
2722
2725
2726
2728
2730
2733
2734
2737
2738
2742
2743
2745
2749
2750
2751
2754
2755
2758
2759
2760
2807
2809
2810
2813
2814
2817
2818
2819
2824
2826
2827
2830
2831
2834
2835
2837
2841
2843
2844
2847
2848
2851
2852
2855
2858
2859
2860
2861
2895
2897
2898
2901
2902
2906
2907
2910
2911
2913
2915
2918
2919
2922
2923
2924
2928
2931
2932
2935
2936
2937
2938
2939
2940
2941
2978
2979
2980
2983
3174
3176
3177
3178
3236
3240
3241
3244
3245
3250
3251
3254
3255
3258
3282
3283
3284
3287
3288
3292
3293
3296
3297
3298
3302
3304
3305
3308
3312
3313
3314
3317
3318
3321
3322
3324
3328
3329
3330
3332
3381
3384
3385
3388
3389
3393
3399
3401
3402
3405
3406
3408
3412
3414
3415
3418
3419
3422
3423
3424
3480
3481
3482
3485
3486
3489
3490
3493
3496
3498
3499
3502
3503
3504
3509
3510
3511
3515
3516
3517
3563
3567
3568
3571
3572
3575
3576
3577
3578
3579
3585
3588
3589
3592
3593
3594
3601
3605
3606
3609
3614
3616
3657
3659
3660
3663
3664
3668
3669
3672
3677
3680
3681
3684
3690
3693
3694
3697
3698
3701
3703
3705
3706
3707
3746
3748
3749
3752
3753
3756
3757
3760
3765
3769
3770
3773
3780
3781
3782
3785
3786
3790
3791
3794
3838
3842
3843
3846
3847
3850
3856
3859
3860
3863
3864
3865
3872
3875
3876
3880
3881
3882
3886
3888
3889
3890
3925
3926
3927
3930
3931
3934
3935
3938
3939
3940
3944
3947
3948
3951
3952
3955
3961
3964
3965
3968
3969
3971
3975
3976
3977
3978
4015
4018
4019
4023
4024
4025
4032
4033
4037
4039
4040
4044
4045
4046
4051
4052
4053
4056
4057
4060
4061
4063
4117
4119
4120
4124
4125
4128
4129
4131
4133
4138
4139
4142
4143
4145
4151
4155
4156
4159
4160
4162
4165
4166
4221
4222
4223
4226
4227
4230
4231
4234
4235
4238
4241
4243
4244
4247
4248
4251
4258
4260
4261
4264
4265
4268
4269
4272
4273
4274
4332
4335
4336
4340
4341
4344
4345
4347
4349
4352
4353
4356
4357
4360
4367
4369
4370
4373
4374
4377
4432
4434
4435
4438
4439
4442
4443
4446
4449
4451
4452
4455
4456
4458
4465
4467
4468
4472
4473
4476
4521
4522
4523
4526
4527
4531
4532
4535
4536
4537
4541
4543
4544
4547
4548
4550
4557
4560
4561
4564
4565
4568
4569
4571
4575
4577
4621
4623
4624
4627
4628
4632
4633
4635
4638
4640
4641
4644
4645
4648
4649
4652
4658
4661
4662
4665
4666
4669
4670
4672
4733
4734
4735
4738
4769
4772
4773
4776
4777
4780
4805
4806
4807
4810
4817
4818
4819
4822
4823
4827
4828
4831
4832
4834
4955
4957
4958
4961
4962
4965
4966
4970
4971
4974
4975
4978
4980
4982
4983
4984
4985
4986
4987
4988
4993
4995
4996
4999
5113
5114
5115
5118
5119
5121
5139
5140
5141
5144
5145
5147
5164
5165
5166
5169
5170
5171
5172
5174
5175
5177
5178
5179
5180
5181
5229
5233
5234
5237
5238
5241
5242
5245
5246
5249
5250
5254
5267
5270
5271
5275
5276
5279
5280
5283
5284
5287
5288
5292
5293
5294
5301
5302
5309
5310
5311
5314
5315
5317
5322
5323
5324
5327
5328
5329
5388
5390
5391
5394
5395
5398
5399
5400
5403
5407
5408
5411
5412
5415
5416
5419
5471
5474
5475
5478
5479
5481
5483
5484
5497
5499
5500
5503
5504
5505
5509
5512
5513
5515
5573
5575
5576
5579
5580
5583
5592
5593
5594
5598
5603
5606
5607
5610
5611
5612
5676
5678
5679
5682
5683
5686
5687
5690
5691
5694
5695
5699
5700
5703
5704
5707
5708
5711
5712
5715
5716
5720
5721
5724
5725
5728
5729
5732
5733
5736
5738
5741
5742
5745
5746
5749
5750
5753
5755
5757
5758
5762
5763
5766
5767
5770
5771
5774
5775
5778
5779
5783
5784
5785
5815
5816
5817
5821
5822
5825
5826
5829
5830
5833
5834
5837
5838
5842
5843
5846
5847
5850
5851
5854
5855
5857
5859
5861
5862
5863
5903
5906
5907
5910
5911
5915
5916
5919
5920
5923
5924
5927
5928
5932
5933
5936
5937
5940
5955
5957
5958
5961
5962
5965
5966
5969
5970
5974
5975
5978
5979
5982
5983
5986
5987
5990
5991
5995
5996
5999
6000
6003
6004
6007
6008
6011
6012
6016
6017
6020
6021
6024
6025
6028
6029
6032
6034
6035
6036
6037
6038
6041
6042
6045
6046
6047
6074
6075
6076
6079
6080
6082
6109
6112
6113
6117
6118
6120
6162
6163
6164
6166
6168
6169
6213
6215
6216
6217
6218
6219
6251
6253
6254
6257
6284
6286
6287
6288
6314
6316
6317
6320
6321
6322
6364
6366
6367
6368
6470
