53
54
57
60
61
62
65
66
71
72
76
77
78
81
82
85
86
89
129
132
133
136
137
140
141
142
158
160
163
164
172
174
175
178
179
182
215
216
217
220
221
224
225
228
229
230
231
233
234
236
246
249
250
251
260
262
263
266
267
271
272
273
310
313
314
317
318
321
322
326
345
348
349
350
359
360
361
365
366
369
370
371
417
419
420
424
425
428
429
432
433
435
437
438
450
452
455
457
462
466
467
470
471
474
510
512
513
516
517
520
521
525
526
529
531
533
534
535
536
537
548
550
561
562
563
567
568
571
572
573
589
590
618
619
620
623
624
627
628
631
632
634
636
638
639
640
647
648
649
652
653
657
658
659
664
665
668
669
670
673
674
678
679
680
726
728
729
732
733
736
737
741
742
745
760
762
763
766
773
774
775
779
780
783
784
786
801
802
828
829
830
833
834
837
838
842
843
846
847
849
864
867
868
869
878
879
880
884
885
888
889
892
928
